Number of Neurons in HiddenLayer that gave minimum error: 15
Epoch at which the minimum error was reached: 162
The error rate as a fraction between 0 and 1: 0.21499999999999997
Weights of all the hidden-layer neurons as well as the output neurons of the optimal network:
HiddenLayer: 
[-0.07563729 -0.02715873 -0.12345797 -0.07756372  0.07556831 -0.06630678
  0.03697556  0.12919754 -0.04442712 -0.09451533 -0.00339661  0.07549352
  0.12675658  0.04745181  0.13827266]
[ 0.0057174  -0.0232349   0.04268707  0.00507001  0.12618476 -0.02110442
  0.1424465  -0.02098906 -0.05931907 -0.21173345  0.02964545  0.05436875
  0.02817032 -0.21643203  0.06856554]
[-1.70421198e+00  2.78592445e-01 -1.12162874e+00  9.03878914e-01
  8.82273580e-02 -1.27923437e+00  2.59650314e+00  1.10263470e-01
 -1.86169736e-03 -7.63016682e-01 -1.35304005e-01 -2.28175137e-01
 -3.06214938e-01 -1.17420735e+00  1.30011396e+00]
[-8.53715622  1.7104087  -3.93804624  2.34303172  0.13251723 -1.5154872
 12.81984632 -0.01465765 -0.22241804 -1.82358389  0.07600374 -0.53914432
 -1.01986158 -5.67443671  5.27589384]
[-1.31247273e+01  1.82627355e+00 -4.07480616e+00  2.67624606e+00
  6.26901643e-02  1.79061373e-01  1.58476276e+01  4.57074657e-02
 -8.75058012e-02 -1.73835668e+00  8.51237071e-03 -3.54159074e-01
 -2.63688117e+00 -4.87583507e+00  2.70135135e+00]
[-4.69574671e+00  1.03179350e-01 -1.24548228e+00  4.05328838e-01
 -9.07257856e-02  3.81432279e-03  4.33146387e+00  1.01405904e-01
 -5.65377649e-02 -4.46725703e-01 -9.65010001e-02 -3.32621444e-02
 -5.05863080e-01 -6.54068882e-01  1.19252626e-01]
[-0.1590657   0.0577669  -0.10564519  0.01457245  0.11282404  0.0186394
  0.16098743  0.06950845 -0.06022916  0.05966677  0.06872489  0.0707915
  0.08312068  0.04363785 -0.12233657]
[-0.0254791  -0.03047141  0.02440003  0.34244666  0.04565022 -0.04205429
 -0.38172287  0.09267846  0.10503234  0.0435632  -0.08270468  0.05519493
  0.26741879 -0.1429791  -0.12035146]
[ 3.44845053  1.24970178 -4.30380573  6.34095158 -0.25852392 -4.57711039
 -3.60355383  0.13909705 -0.19589436 -2.47722443  0.12288425 -0.2182461
 -0.25510099 -3.74382264 -1.0611864 ]
[  6.76648649  -0.31819123 -10.44223691   8.56689876   0.60017647
 -15.70270723  -6.91575823   0.33191881  -0.66525299  -6.03744869
   0.4230436    3.19728629  -5.82683124 -11.39522526   1.34358429]
[ 16.91789839   2.18664219   1.08764967  -4.98588348   3.09219476
 -13.95850206  -7.15314237   0.99764307  -0.85941989   0.98063756
   0.85815287   3.69518133  -8.92663613 -19.73440663   2.91108805]
[ 5.14295865 -3.79610515 -0.52202621 -4.08277098  2.58709994 -5.38911219
 -8.25113944  1.82101626 -1.04635079  7.33068492  0.70699725 -6.52006809
 -4.86980265  3.92975581 -3.03396336]
[-2.99431411 -8.30924246 -1.79002807 -2.98016948  0.71317189  1.64581553
 -8.70558559  1.27952083 -0.10321676 -2.044171    0.09286462 -7.94488332
 -0.4260815  11.11743089 -4.98254514]
[-3.67477011 -2.42380868  1.42086849 -3.20542381  0.11443326 -2.34109641
 -2.26617344  0.17927576  0.01297827 -1.26448088  0.07863317 -2.275249
 -3.52629496  2.40107561  1.01004426]
[-0.92287297  0.32513361 -0.29423961  0.03273579 -0.46447111 -0.78359491
 -0.17167859  0.1310514   0.02789014 -0.21365077  0.15566692  0.59484239
  1.74521507 -0.27695422 -0.18190906]
[ -9.08228374  -7.04419301  -1.93980386 -14.20262623  -1.40808435
  -2.33176017 -13.06937294   0.14127499  -0.12491093  -3.37509198
   2.11777692  -0.10140534   9.83681404  -1.66096257 -11.82763579]
[-14.97970131 -13.75601853   4.30273753 -25.2513055    1.81405367
   6.20330479 -14.49476874   1.08621533  -0.15167865  -3.65934638
   5.7666335   -9.69822677   3.91829153   1.92197848 -27.90653934]
[-2.85322975e+01 -1.11042079e+01  2.34293825e+00 -2.07642520e+01
  1.15864920e+00 -2.54507879e+01 -1.15707226e+01  1.45308991e+00
 -2.60851793e-03 -2.32370876e+00  5.02700383e+00 -9.55377159e+00
  5.95010146e+00 -2.84979058e+01 -1.24571505e+01]
[ -4.80841775 -21.22472311  -4.72127392  -2.31801873  -0.12220067
  -6.96547571 -23.49262955   2.59587816  -1.14948304   4.21505892
   6.64287649   6.17590857  12.61660304  -5.04929212 -10.60557414]
[ -0.40942178 -14.08793686  -0.86521927 -10.44911587   0.68530915
  -0.14721234 -16.10668632   1.39204367  -0.20847707   1.38164255
   1.2164673    0.99868939  -6.94879679 -15.56022963 -17.99072555]
[-4.05683601e+00 -3.19873837e+00  8.11473129e-01 -1.02514536e+01
 -3.11335961e-01 -4.47440106e+00 -2.77337024e+00  2.57975904e-01
 -5.40522713e-02 -1.54272111e+00 -1.16592699e-03 -1.94937331e+00
 -4.73775199e+00 -1.49102479e+00  1.77294005e+00]
[-0.29150729  0.07186652 -0.07342782 -0.17324104 -0.18583162 -0.55530358
 -0.21292756  0.11613952 -0.0966512  -0.23870773  0.03288872  0.22156528
  0.52027133 -0.37101305 -0.26159013]
[ -8.61258622 -13.98338624   2.78605952   3.81069056   2.15392315
  13.45489392  -8.23258219   0.13238173  -0.13424529   1.52215046
   0.92374749  -7.26069268   4.15987131  14.47654101 -10.48365679]
[-19.4798946  -23.05751901  -8.30918044 -13.52221031   3.68001652
   6.67139261   4.47786428   1.22379424  -0.14574256   4.70184793
   2.28168221 -12.31380939 -32.01440631  10.19711774 -15.22381291]
[-11.73309025  -3.16139986 -19.00776902 -11.86004265   3.41630449
  -2.08076104  -0.32448403   3.73303706  -0.53235392 -19.94456851
   1.65256727 -15.8994187  -12.95659792 -10.41720091   5.09251306]
[ -2.52650404  -3.08211482 -10.23005556  -6.39087323   1.71253036
  16.59202418   0.40375783   1.81311201  -0.86465206  -8.50953033
   5.66409002 -10.05265768  -2.99170952  11.45613404 -18.51545587]
[ -8.98622166  -8.32999383 -10.21548577  -1.5375732    1.94406651
  -1.60582053   6.53634129   0.22298193  -0.11550884   5.08781961
   0.53000521  -3.95059275   4.97627993  -5.09984566 -10.63319205]
[-2.49809471 -1.38571404 -0.15659758 -1.49234522  0.24320158 -0.25719402
  0.26929536  0.11161929  0.05462449  0.87243261 -0.07197168  0.83284896
 -0.96445483 -1.45786481 -0.35824717]
[ 0.69659104  0.28025636 -0.52279901  1.29098372 -0.1364808  -0.45427092
 -0.11364578  0.1121101   0.08494898 -0.74125708  0.11152486  0.21588731
 -0.31541308 -1.84130154  0.35156256]
[  4.938374   -12.99113032  -3.29042146  -5.32245547   2.24334051
  -5.8859945    2.25141209   0.23116981  -0.16795219   5.51306822
   0.03358084   1.60383389 -14.9136696  -12.02066215  -5.32303625]
[ 10.34914344 -16.60390419 -13.2048242  -18.66655076   3.14155925
   7.26933986  17.20930813   2.57129184  -0.81777944   9.65770545
   0.4987851    0.41975303  -9.77688436   5.12992525 -38.15112772]
[  1.68009462 -21.10036826 -17.02114851 -20.93250032   1.31435162
   5.26261317   5.52037771   2.56216797  -1.42412341 -17.51762337
   3.52264359 -12.93702581  -2.14379389  -3.29302299  -9.55585048]
[ -0.23103536 -13.6151992  -10.96189606  -4.11930248   1.83195355
  -6.01790177   4.36746403   0.54755194  -0.59345993  -1.91389332
   3.69730177 -14.63439437  -6.23577464  -0.02727057  -9.33655614]
[  3.07881526  -0.19477908 -10.11562365  -1.86340915   1.98954815
 -13.86744397   3.57743544   0.13671865  -0.17599237  -2.01178133
   0.12025161  -1.52555851 -13.53636546 -15.85883044   0.53294189]
[ 5.83442011 -0.77191964 -0.21939104 -1.49671814  0.16750577 -1.45378646
  2.40430147  0.10577681  0.04893035 -0.48562366 -0.07621786  0.95565226
 -1.65925457 -2.86840246 -0.4734594 ]
[ 0.58525893  0.42004527 -0.53992529  1.73438219 -0.06126305 -0.28241915
  0.37420787 -0.04890254  0.13826785 -0.51705026  0.09892251  0.14565266
 -0.43939263 -1.42164497  0.84394544]
[  4.80998627   2.45546481  -5.88486899   4.11379916   0.91133619
 -11.96673695   4.56870151   0.76329834  -0.33834787  -1.33020962
  -0.0450189   -4.29269614  -6.94226279 -12.00236426  12.50774665]
[ -7.6110049   -9.97921666  -9.92573124  -4.56714411   1.83799331
 -25.09967229  -0.88679869   3.00790425  -1.22984614   7.72073192
  -0.06959899  -2.77086265  -3.50065834 -12.30163018  -1.38209021]
[-12.54787231 -10.46394075  -7.22534874  -7.93996296   1.04002026
  -8.55303595   4.23547107   1.69461828  -0.77419073  -1.08368925
   4.74416068 -11.06327241  -3.9980627   -4.48606451  17.55969883]
[  2.90471551  -3.33898636 -12.08452326  -4.16565792   2.37771919
  -3.4589234   -1.06567942   0.58765269  -0.60490558  -5.28589499
   1.46850781  -2.78822097 -10.04358491  -6.64194799  -6.89943827]
[  4.75648729  -4.735       -2.23596793 -10.45953422   0.57090265
  -2.69904323   4.56564511  -0.08048682  -0.317006    -3.76810679
  -0.02895553  -0.7207067  -11.89887242  -4.79266695  -5.53561638]
[ 1.83260434 -0.22927243 -0.0825737  -0.2010354  -0.06955624 -0.00889208
  2.50388921 -0.01440427 -0.02452763 -0.08499357 -0.08686999  0.21332711
 -0.40921421 -0.67583495 -0.34693268]
[-0.1941609  -0.12182005 -0.00546459 -0.09267964 -0.01025974 -0.03757726
 -0.05891892 -0.08376834  0.01589234  0.13561848 -0.07136687 -0.13323599
 -0.08115476 -0.08964006  0.05730497]
[-3.52730074 -0.21895994 -0.03782361  0.77649895 -0.15057085 -3.11165068
 -0.43168031 -0.12852735 -0.06853625 -0.40603594 -0.08534152  0.12928919
  1.57008988 -2.3648961  -1.44520524]
[-8.26701828  1.98490606  2.9220325   5.87980186 -0.06658276  2.08689626
 -3.19730227  0.33541198  0.05860774 -2.92593665  0.59105783 -0.7370241
 -0.2030823  -6.27553011 -2.92262894]
[ -6.0683631    1.47794589   3.86239627  -7.24361449  -0.96410801
   1.74671121 -10.91446191   0.15899231   0.07635824  -2.7668457
   2.82895976   0.02999826  -0.08104703  -4.17189181  -1.1783095 ]
[-4.73620224  0.34304607  5.02504641 -0.74015539  0.37083211  0.97336877
 -8.99172918  0.03821134 -0.10163157 -1.33633332  0.92672936  0.26259289
  3.92223658  0.47453907 -5.13378   ]
[ 0.39903253 -0.41396944  1.26927444 -0.87228965  0.17119507  1.58622845
 -1.64322787  0.12755144  0.12558222 -0.38388906  0.01838912 -1.13117898
 -0.83056327  1.60493242 -1.40342133]
[-0.11305358  0.08661786  0.08847192 -0.10408287  0.07802801 -0.00193646
 -0.03963626 -0.06719696  0.09735733  0.01633326  0.08727053 -0.01194204
 -0.07413297 -0.0259432   0.11551175]
[ 0.44631609  0.07803683  0.11006315  0.1780942   0.11004393  0.32344875
  0.17694586  0.01763834  0.14782826  0.16883616 -0.02663925  0.19454201
 -0.09355838 -0.128614   -0.05410976]

OutputLayer: 
[-18.68672753  -4.10548843   9.9108749   -0.19082194  -9.18443818
  -6.48173367 -15.10683474 -12.73585998  -3.35707958 -12.67634913]
[-1.29556744e+01  1.99625195e+01  1.59179658e+01  1.74194004e+01
  8.55521616e+00 -1.31925467e-02  1.32398878e+01  1.25324464e+01
  1.13310391e+01  2.20996943e+01]
[ 21.13459287 -26.27108614 -12.39307828   0.03697961  13.71281196
  20.91166463 -11.00431081  25.79957059  11.9843867   23.3371504 ]
[  9.1659702  -22.88677133   3.72716898  15.68248296  19.39225509
  -2.5338705   15.21259185  22.39860516 -12.39396902  14.2287649 ]
[-39.92766421 -37.11394669 -37.38922981 -37.97195759 -38.74314389
 -38.45119031 -38.25062738 -41.44082174 -37.33778228 -38.71024415]
[  8.14429821  -8.94198624   5.72860191   1.49829734  11.0116372
  -2.82962074   6.54526751 -22.9408544    4.40169773   8.2557011 ]
[ -4.94750623  -9.92655549  25.36227319 -13.04277231  14.02207683
  -6.56632514  41.77668782  -0.49439944  -8.09229753  -1.7485654 ]
[-38.30470689 -38.72120826 -38.36855674 -38.12606829 -37.91612016
 -38.21263736 -38.82022617 -37.47720949 -38.61430314 -37.02970747]
[ 0.01870456 -0.19927253 -0.12631354  0.12812497 -0.12212057  0.23542602
 -0.05273159  0.09241945 -0.09091458  0.10509862]
[35.06943951 -3.77861339 -0.52265079 -4.26843188 -2.05154462  5.18953072
 -3.52039475  0.16509186 -4.30482838 -4.43702454]
[-38.33444531 -37.90046117 -38.11641919 -38.64825768 -37.94941799
 -38.32035764 -39.11012471 -39.57286291 -37.33185672 -38.13956507]
[  7.46451012 -11.64949431  -5.28549154 -12.14192923 -13.4475064
  -7.48501463  -9.50123688  13.36668682 -19.71526664 -16.74577374]
[ -6.44988185  20.80393671  -3.26844018  -4.64750803 -10.25958416
  -1.93115868  -7.08767922  36.09021515  -9.22212422   1.73183777]
[-11.70047735  26.8499682  -21.71614138 -12.07679518  35.76419124
   3.21422276  -6.81348433  16.79548736  10.18862951  14.29200561]
[ 14.5693119   24.52694551   9.52390398  19.26628806 -12.10640353
  18.17863117   9.06396142 -26.35006283  -0.0616149  -18.48713588]
[38.93665928 38.44046794 38.41708339 38.56691149 38.25863295 38.17280453
 39.31952929 37.46219101 38.14466794 37.85469473]
confusion matrix: 
        0       1      2       3      4       5       6      7       8      9
0  1092.0     0.0   16.0    23.0    0.0    29.0     8.0    4.0     5.0    2.0
1     0.0   152.0    0.0     0.0    0.0     0.0     0.0    0.0     0.0    0.0
2     0.0     0.0  484.0     4.0    0.0     1.0     1.0    7.0     0.0    3.0
3     0.0     0.0    0.0     0.0    0.0     0.0     0.0    0.0     0.0    0.0
4     1.0     0.0    3.0     0.0  766.0     6.0     4.0   13.0     2.0  224.0
5     0.0     0.0    0.0     0.0    0.0     0.0     0.0    0.0     0.0    0.0
6     0.0     2.0  118.0     3.0   23.0     7.0  1015.0    1.0     2.0    0.0
7     0.0     0.0    1.0     0.0    0.0     0.0     0.0  575.0     0.0    2.0
8    92.0  1194.0  570.0  1196.0  379.0  1041.0   156.0  653.0  1161.0  958.0
9     0.0     0.0    0.0     0.0    0.0     0.0     0.0    0.0     0.0    1.0